base_link:
  sensor_kit_base_link:
    x: 0.99565
    y: 0.0
    z: 2.08054
    roll: 0.0
    pitch: 0.0
    yaw: 0.0

